-55,-14,84,-32,57,75,114,60,-84,95,-128,26,-102,102,105,-39,2,-21,1,-88,-63,
116,106,107,122,-17,2,62,-112,-53,-104,-111,47,-128,46,-113,-64,-87,47,46,35,
-25,60,58,-8,7,-31,-45,-59,11,95,105,6,-23,-117,-77,-26,5,-18,-28,-19,-44,59,
0,-100,68,-93,25,-85,35,-18,-17,11,101,15,-93,55,121,-14,116,20,-82,-1,-74,-10,
73,-38,-59,111,69,17,-33,-122,64,-33,-100,-6,4,-54,75,92,32,38,-65,72,126,-55,
122,-112,92,-82,-121,106,19,-60,-59,-13,-29,-43,-57,6,122,57,121,59,-28,109,
-107,61,81,88,-61,9,77,-77,-58,56,-7,-46,-43,22,-127,113,52,-57,5,-96,110,37,
30,86,-72,-60,30,5,-54,-29,-97,-120,-122,-95,23,-6,-82,125,110,35,117,33,-50,
-111,-128,117,120,-28,3,84,-46,84,-114,-98,105,113,-54,-103,-82,117,91,-99,
-66,-55,100,-65,-10,49,-27,-67,120,-106,8,25,-49,-54,35,118,-13,-27,-117,
-64,-69,-106,36,61,84,-80,-31,34,123,-22,-101,74,-91,-20,107,-75,-21,14,
-77,55,121,107,-89,-49,54,77,27,-58,-49,-31,110,-98,43,36,91,0,120,-113,
98,-97,-44,43,63,-60,13,-127,126,91,-99,115,108,-85,86,117,-73,60,41,100,
16,4,-99,79,-85,-87,-60,-53,-21,3,-35,-60,44,100,18,98,110,-89,-9,-43,61,
-1,-111,12,-75,-117,23,-106,32,-60,109,18,92,-93,32,-41,108,-75,-42,-87,
102,-121,81,-82,103,-117,34,35,-42,-13,-11,36,111,101,-117,-17,-48,13,-46,-38,-106,-61,97,56,88,54,118,-64,93,36,40,90,-118,-122,-79,82,-95,-23,-18,-99,62,94,14,-84,-106,68,78,53,-58,-99,-105,-30,-62,-5,-42,-104,-30,112,-71,-60,-82,57,39,-31,-19,77,-49,56,-76,119,-60,-104,-68,115,-13,-42,-21,-30,118,-89,-93,-20,-86,4,29,83,126,98,-20,24,-72,-45,-56,66,-110,39,51,-36,-79,-28,-105,-39,112,-67,16,82,31,-30,-83,-126,106,103,18,41,-87,72,-69,-119,-5,-121,25,62,22,-111,-106,-106,103,-92,64,92,-103,102,105,-70,-10,15,-15,56,-90,24,-8,-4,-87,-69,-8,25,100,79,-92,85,1,-12,-70,-95,84,-55,-26,-78,-116,-99,-56,-1,-108,-41,105,48,-69,10,28,73,52,29,-110,-90,54,20,-114,-91,31,-33,52,53,-124,-72,-112,37,-56,-23,-35,-110,-47,-101,-39,15,54,-72,-56,35,67,71,66,33,9,-42,-57,-65,-9,-103,123,-127,45,-93,1,-46,-43,77,-98,-79,-42,2,39,-73,30,-12,-128,-52,95,-66,88,54,15,-44,-108,82,68,118,-125,-62,75,-13,-119,45,-40,59,-11,105,-68,1,109,78,-121,86,31,-126,82,-65,-112,-75,-105,21,-89,-37,30,4,-41,-87,109,-115,117,-58,96,16,118,-126,-90,29,58,96,124,5,-17,-109,-124,-94,-98,74,118,86,-100,-27,96,8,-127,-30,-124,60,-42,98,116,71,-85,68,74,-11,21,52,-27,-97,-52,-58,5,-34,4,107,-47,15,-9,-19,29,38,-30,53,-56,13,37,38,-119,-32,-125,-127,84,7,18,15,-115,89,-95,25,33,-86,6,-38,-68,-107,-26,112,23,-88,-120,-99,80,20,-119,44,0,29,-95,-20,-111,32,-69,9,61,-109,-83,-51,60,-72,91,-119,-8,18,-35,118,43,-114,93,-49,-28,-46,-122,-65,-56,126,118,-84,-64,-92,33,119,-7,-27,-119,-6,-46,5,65,13,16,-46,-112,-110,110,33,-68,32,-35,-2,49,75,-11,-125,36,-46,-60,103,3,-106,13,12,-72,40,-14,47,-80,28,-19,114,5,-73,-57,-34,99,103,-88,17,-95,28,-38,39,-120,90,-11,-75,-127,98,-38,116,121,-89,33,96,81,-38,100,126,-97,-50,52,46,98,115,-111,35,-71,6,-116,3,-96,-19,114,-53,53,56,-48,122,32,-2,96,1,29,121,-74,-24,-92,-12,-8,-123,-79,101,1,-83,102,79,-22,-50,82,-128,38,112,115,84,31,79,121,108,101,-122,-55,122,67,59,-16,-23,108,-7,76,-104,119,40,-126,-31,97,-128,121,39,-3,54,38,69,-29,105,7,78,52,-30,-73,75,107,121,55,-33,8,-34,-10,92,17,-49,124,20,1,-15,95,-78,122,-121,-85,31,-128,-25,-72,-28,-84,126,119,40,93,72,-19,88,38,17,-16,3,32,72,-24,-67,99,56,-125,50,-97,123,-95,-12,1,-25,23,26,-7,-84,67,-37,27,-61,107,68,72,-30,105,0,14,-85,22,112,18,-68,123,-7,14,16,17,-74,-70,-24,-120,-56,61,-95,-76,-54,103,-13,-41,58,-31,45,113,-56,116,91,13,35,113,86,-35,-109,77,50,109,-57,124,117,71,69,124,-45,-122,32,93,17,95,89,-41,94,-127,-28,11,-2,35,111,120,-13,-102,52,82,124,66,-11,-99,34,117,-28,41,89,-114,56,-82,44,-12,-76,-124,-56,-67,-52,-59,-18,30,67,-78,62,57,-98,113,-31,62,-98,-5,-92,-120,-120,-46,102,-96,-1,-110,46,-88,109,-119,-115,74,23,92,39,-94,-59,17,-39,-49,111,2,40,98,-109,-77,126,18,-72,-30,32,-41,102,74,-47,-50,-5,93,71,54,-64,70,-72,-54,-84,78,-7,-128,-52,35,-90,99,42,28,59,73,77,-18,-45,-2,43,8,-7,14,93,32,-107,5,121,-16,-101,29,108,23,43,-87,80,11,-87,-17,-26,51,-125,-28,90,-101,87,-50,42,69,108,33,-125,19,-122,-124,77,-50,29,-59,-127,-65,-3,57,-75,37,-80,0,39,119,108,-27,-36,42,-84,-72,-70,81,-96,-4,0,-97,-13,60,-90,-126,-74,124,117,67,-54,-113,-29,89,42,-71,17,80,16,-98,-67,-113,-6,126,104,-43,-58,-84,-84,38,104,-8,-16,-76,48,104,-37,-10,82,74,-113,-49,15,24,-47,26,-16,1,38,36,-87,-37,6,105,-128,-54,15,-13,-25,-11,113,61,104,94,0,26,35,-31,4,44,-25,5,106,47,-17,-121,3,-1,88,80,-6,60,-98,125,-72,119,42,8,-115,-104,60,-17,116,45,47,-101,8,34,79,34,29,-110,63,-5,-38,77,67,93,-122,-66,-14,46,-106,-91,113,8,66,-126,-30,3,-78,-76,106,-74,-59,-89,-21,-66,70,-7,-52,8,-41,4,53,-60,71,-17,-46,-21,-29,99,22,-50,-26,120,108,46,-49,21,67,14,-55,-8,13,24,100,125,84,-17,63,-38,-64,-38,41,58,-105,3,90,120,-28,67,122,-43,-61,-125,-69,95,-74,78,-118,-3,78,-63,71,99,-57,28,-111,-115,-52,15,12,94,106,-58,90,85,31,50,-60,21,56,-27,-3,101,22,-78,54,122,9,29,80,101,-51,48,62,-100,45,-30,-83,103,-9,30,3,-29,54,-128,-96,98,-67,37,46,-44,35,-17,83,-46,124,-31,99,94,85,122,48,-30,-49,19,-14,20,-54,-24,-21,-96,55,92,110,-60,-71,-59,111,118,37,67,-3,-71,-86,-66,-97,43,-1,79,-7,-56,-96,-100,18,-34,-5,-76,-46,34,-74,-78,-87,79,62,-96,-58,32,-18,-110,9,-16,-93,79,57,-78,-118,114,-34,-59,110,-34,-76,-103,-55,-56,6,-49,51,77,48,50,-47,46,57,74,125,-27,1,-112,-118,92,-124,115,-33,87,60,25,99,-89,11,-7,115,46,-102,-89,126,-6,69,34,19,59,103,55,19,49,-83,-31,16,3,-39,3,73,34,74,-94,104,22,32,-71,70,28,74,-78,24,119,18,-93,19,89,-96,-7,-81,-15,69,72,-51,37,95,39,-22,8,90,36,29,60,-82,24,37,15,52,86,100,92,7,-120,43,-5,30,55,-46,-4,92,24,88,13,-26,37,1,124,-99,-113,-71,58,38,15,-108,44,99,57,120,-51,-7,124,-115,-58,-71,111,-27,126,113,-19,54,-121,-65,1,76,16,31,-36,-6,105,-75,123,-118,117,-74,97,-97,28,51,112,85,-44,-9,-36,-73,80,94,-34,9,22,16,-10,95,-49,-68,3,-76,-67,-103,78,-42,-110,-55,12,126,-1,54,12,56,81,-42,-76,47,-30,-39,-94,2,52,123,87,38,-15,98,9,-74,-15,32,-17,5,-27,66,118,-118,87,97,48,-119,90,95,-47,7,80,19,63,67,106,-80,-72,-80,52,100,45,75,90,-43,-52,64,122,-116,62,-51,-46,-22,-60,-88,-94,-78,72,-53,-116,-120,-8,-103,-101,-1,80,-6,-38,-30,47,-103,-32,-49,-101,12,-8,-75,86,122,52,51,-26,-127,42,11,-7,-12,65,114,-86,-61,-93,33,122,-32,91,-7,-48,-116,-67,31,15,5,-16,12,-126,-25,43,61,101,80,-38,83,-44,-7,24,-103,9,-71,113,41,100,102,-71,68,2,98,96,34,-47,-97,86,-117,-125,13,-18,53,60,-80,63,-64,-53,7,68,35,63,-59,-8,-91,-40,82,80,42,111,101,9,58,59,9,-83,-75,-78,25,25,-91,122,-82,-55,79,-6,-105,-56,46,-13,-23,7,107,104,122,-26,-128,-24,47,21,14,-39,-21,55,-56,102,61,-35,-68,-20,1,59,-49,-11,51,-11,-62,-21,-40,-105,89,62,6,89,76,51,8,-43,3,26,23,18,41,93,-123,-51,95,-77,-40,-63,109,60,-99,-28,118,-127,14,-128,19,108,-114,-128,-108,-6,-14,14,13,14,-103,26,-113,102,24,-85,124,-83,33,-78,-48,-83,-104,49,5,-6,-67,84,-117,-15,-74,116,7,102,68,-109,84,62,-55,31,-108,115,-87,78,-125,115,10,-91,106,69,28,-37,-69,-101,-94,1,81,-8,56,92,-33,39,-28,24,44,-14,86,-114,-30,48,-14,104,113,9,42,21,70,-86,63,126,-36,-17,103,55,-112,-23,-32,118,15,-67,-40,-45,-41,63,-5,-59,103,56,58,97,-14,65,-20,-39,32,-38,-12,-6,-33,116,-93,-113,125,96,-56,-9,-37,103,-3,27,47,9,-74,62,-62,-93,-38,84,-76,2,52,-103,-65,-34,-81,-50,-67,77,44,66,-4,-35,-24,-82,109,-46,-26,-9,105,-47,34,57,-7,-75,68,113,-23,-51,75,70,105,-28,46,119,-17,65,51,36,-3,89,-17,120,31,51,-81,-119,125,86,118,-127,-66,-59,105,-122,-104,50,-108,-101,-78,-115,114,-51,-66,-68,-22,-82,-45,119,-35,4,-76,66,15,-33,-11,-76,-5,-70,-68,102,-80,115,49,-95,126,17,3,28,-81,-15,-119,-38,-35,-80,-7,-127,118,-68,28,-71,45,10,-94,-58,35,47,-2,-115,-13,125,89,-78,34,106,-7,41,124,32,8,-100,-41,-15,85,90,-17,-67,15,-23,-66,12,80,37,113,-71,-97,2,-124,49,-33,-49,6,-89,79,-111,37,68,63,-63,83,-103,-98,-78,47,-70,-34,69,41,-107,-59,5,57,119,-38,-124,97,-90,94,-104,-121,-1,6,-24,16,-68,-103,8,-28,-30,61,114,-49,47,5,-30,-74,-61,56,67,120,87,97,-118,-106,-73,-12,105,-64,37,-93,123,-82,43,0,-109,80,62,-21,110,15,28,30,76,-9,-58,31,-101,102,38,-125,-72,-120,-25,66,87,-60,-15,-103,-23,-57,-38,-89,-40,-78,119,-3,-113,37,-82,-39,-84,43,-111,-29,60,99,-18,-23,-75,66,74,-63,-117,-60,-105,20,-103,-66,-37,86,-65,101,63,48,17,-110,-72,-62,-83,-84,74,-96,-15,-56,83,-80,-107,-2,-47,-64,83,-59,-75,-75,-51,20,69,-114,-46,-88,-102,-34,50,74,106,2,-101,18,107,-15,-69,-47,-80,106,-91,-112,104,-110,-126,-78,110,-17,110,-54,70,-8,14,73,-125,93,-111,76,-124,88,70,37,-49,-126,65,29,-92,69,18,33,117,-126,-61,71,-78,57,47,109,-6,-35,58,-101,-16,83,-58,111,-103,125,93,-94,116,20,-38,-16,50,20,65,63,-38,-107,119,-10,-88,20,93,77,-118,-21,19,66,92,-122,31,104,86,-107,-39,1,44,-58,-113,94,-110,70,100,-80,108,-109,92,70,112,37,-91,-66,126,-71,55,62,-72,1,70,-70,6,-64,-52,88,-36,-38,-13,-119,53,-87,102,98,41,12,-95,110,117,-117,6,86,-86,-73,-46,99,50,-56,78,-125,-106,79,-26,-103,19,92,-53,16,-56,42,77,-9,-117,45,90,-43,61,112,-5,19,-112,71,-51,19,38,-14,-12,-14,-127,113,100,118,-22,-3,85,68,-106,-76,38,35,-87,86,-8,61,117,40,2,-45,115,-26,-113,117,72,-25,-104,-59,93,-54,-111,-10,43,9,-3,-51,74,-115,87,-60,115,2,-1,123,38,-49,-59,52,-10,-59,12,60,33,-46,-90,-71,-63,11,13,-82,64,-50,6,-44,-127,107,-36,16,69,9,126,116,-94,83,68,22,-75,-10,-47,-20,-36,-81,-124,5,-104,45,57,-109,92,23,-80,88,96,79,-89,-36,-77,121,116,-12,11,-67,-121,41,-106,-52,-81,-110,61,-90,53,-50,-103,-28,72,-106,100,42,81,49,21,-103,-95,-29,27,71,112,-73,-111,39,-64,22,-79,-82,-69,-67,33,22,101,97,-111,-96,63,22,-42,30,-114,110,66,-36,-126,-118,-24,119,-91,-110,-45,-105,64,-55,66,-64,-30,-104,-24,-83,108,-100,-1,-60,3,21,46,75,52,-94,-18,-69,-3,29,69,1,4,1,-41,107,4,-42,67,-116,-11,116,74,-96,19,-58,-10,35,-91,36,-82,12,56,90,-70,-56,-90,107,-122,56,26,-38,-120,84,66,-95,106,-101,-64,77,4,43,39,93,-107,-122,104,-128,-36,125,35,-51,96,92,28,-59,112,-58,51,-100,53,45,-40,51,52,-73,110,-16,34,-11,-26,-9,-95,-65,97,-120,51,126,83,43,-36,-116,2,67,13,-108,-118,-70,96,-68,-52,-30,49,-68,101,-60,103,6,55,67,-63,7,-41,101,23,104,-69,109,61,-105,-76,-67,-35,-63,9,63,106,119,-26,-68,98,-16,-3,99,-23,-91,-92,68,2,-14,15,29,-89,92,46,-25,-121,2,83,36,6,-84,-68,86,-51,-63,-79,-109,53,-24,116,-53,-77,6,-44,-12,-89,105,-110,-76,-19,-121,-24,34,-79,-13,-70,-100,-21,95,52,-112,-124,72,97,114,-126,82,-26,-25,6,-42,123,16,121,71,-103,-66,107,102,-34,-20,-112,-61,-126,54,-3,98,42,63,-31,92,-80,27,42,-88,115,-111,-28,72,70,-83,-102,-26,4,89,106,-14,1,71,112,19,-37,-44,56,26,116,100,27,-109,-78,-105,-128,-37,63,116,96,-45,-74,-76,103,120,-117,76,93,88,51,-51,-81,42,-99,9,-123,-108,-95,120,22,55,119,93,118,52,-104,-47,95,-1,93,-42,77,22,59,117,115,2,-118,2,-123,96,32,-71,35,66,90,93,-16,-118,28,-2,-49,92,65,39,33,-33,-56,116,73,81,123,-64,-6,-39,-68,-73,57,-98,117,122,55,9,-76,-35,65,25,11,26,-54,7,-20,-88,114,92,-16,-88,11,-118,1,-7,104,-42,-109,16,72,-74,-90,73,-24,44,61,34,-99,-70,4,45,69,-73,-91,-14,81,3,-115,95,-70,-85,-27,111,44,-2,-110,-128,-4,91,5,64,-32,-50,-45,44,-111,-36,70,-34,65,88,-30,126,82,29,-47,-67,-86,7,-52,21,46,120,-120,30,65,-3,98,-30,109,-109,-20,-46,11,32,-79,-69,-104,-80,72,-17,106,47,44,-48,45,-83,-23,103,62,-67,-95,32,13,-107,-41,39,106,-90,85,90,84,-120,76,14,53,104,-99,-79,-124,-100,108,52,37,29,50,-23,-60,-112,37,-69,-121,22,112,-68,-78,-16,-106,-36,-80,-70,123,92,13